camera_matrix:
- - 1367.2542973288867
  - 0.0
  - 292.83623189986565
- - 0.0
  - 1363.207977684693
  - 235.2742855161486
- - 0.0
  - 0.0
  - 1.0
distortion_coefficients:
- - -0.11069191189788126
  - 1.2907613419033503
  - 0.004154841863788427
  - -0.0003627274030839477
  - -10.957991444452645
rotation_vectors:
- - - 0.008528815534797935
  - - 0.05738276742551758
  - - -2.1928327737025324
- - - -0.0029635455645918222
  - - 0.04547689440769452
  - - -2.834287097167543
- - - -0.012925238043333214
  - - 0.06314595689075932
  - - -3.0919722097321105
- - - 0.0003747727963227287
  - - -0.06953414933079707
  - - 3.1334893354544238
- - - 0.012322814539271514
  - - -0.05951502790095524
  - - 2.936807467994195
- - - 0.004649288798273437
  - - -0.06182741154263166
  - - 3.026419774718142
- - - -0.008915071802271385
  - - 0.06474766449201716
  - - -3.096522488385813
- - - -0.0027032192861364043
  - - 0.05680764567508312
  - - -2.8968311917235754
- - - -0.0007656785947296856
  - - 0.07679687101418521
  - - -3.095624783565337
- - - 0.4369047993887175
  - - -0.0731529165022733
  - - 3.0656077021389727
- - - 0.0362956171784772
  - - 0.4103390949717586
  - - 3.020418463522183
- - - 0.028702815173915104
  - - 0.5978851474095782
  - - -3.05568165012285
- - - -0.0007551299615386146
  - - 0.5048138185014514
  - - -3.0917693142748024
- - - -0.013238819192255433
  - - -0.48177171078762626
  - - -3.1028508697437034
- - - -0.013071946364529474
  - - -0.19154651627539457
  - - -3.1177732360902795
- - - -0.003629725832295329
  - - 0.06292067664587721
  - - -3.1140779731786674
- - - 0.001570954264798247
  - - -0.06608556174279986
  - - 3.120420478705331
- - - 4.413453903178363e-05
  - - 0.06532238277583864
  - - -3.1145682598897997
- - - 0.0006671670241667974
  - - 0.0672603369231168
  - - -3.0851038828816875
translation_vectors:
- - - -0.06425565590099178
  - - 0.31464728455340507
  - - 1.7800131276629518
- - - 0.4539379941321956
  - - 0.1588112694043935
  - - 1.7698795520207329
- - - 0.584488620317817
  - - 0.1496136617296131
  - - 1.769952974632902
- - - 0.21955547012431295
  - - 0.2206933925529655
  - - 1.7763466299733595
- - - 0.2156899183091807
  - - -0.1085410763563019
  - - 1.763884143882884
- - - 0.2815513493120678
  - - 0.03221023301037174
  - - 1.7690929315258124
- - - 0.5686366961361151
  - - 0.10746586430751347
  - - 1.769784833291847
- - - 0.4102545826437657
  - - 0.240265870133991
  - - 1.774823117286062
- - - 0.2941586957751471
  - - 0.2920213762524266
  - - 1.7791792282938357
- - - 0.14910041831351217
  - - 0.17721120668118004
  - - 1.596312938509614
- - - 0.20241043347581555
  - - 0.01126646867652419
  - - 1.5981963227253508
- - - 0.19903920925908167
  - - 0.28325459051025237
  - - 1.7805651415997157
- - - 0.5303341961851145
  - - 0.27569664917646075
  - - 1.7782317642492553
- - - 0.5535200950846418
  - - 0.06728528215895267
  - - 1.5786921423638736
- - - 0.5444331972117977
  - - 0.17489360107690455
  - - 1.681304633127715
- - - 0.4149653671457802
  - - 0.1591144163190067
  - - 1.7727392295986875
- - - 0.32481035596207597
  - - 0.1460167934215674
  - - 1.773841704180594
- - - 0.2578013094179854
  - - 0.17112592276377586
  - - 1.7743223534465329
- - - 0.12638844824580792
  - - 0.22823981256844775
  - - 1.7761779696498032
