camera_matrix:
- - 6810.05439809098
  - 0.0
  - 1470.9253782307685
- - 0.0
  - 6795.364165393021
  - 1194.8742665279021
- - 0.0
  - 0.0
  - 1.0
distortion_coefficients:
- - -0.0974284409649281
  - 0.970381818923454
  - 0.004854591841591232
  - -0.00011261890799340666
  - -7.362073029402214
rotation_vectors:
- - - 0.008981267110950712
  - - 0.05865694569202295
  - - -2.1926707536410563
- - - 0.0021769702656239797
  - - 0.05303796985019109
  - - -2.8345499795662623
- - - -0.008291814037260687
  - - 0.06635278507246549
  - - -3.0918647024053185
- - - -0.0031659047267234407
  - - 0.06540442326946827
  - - -3.06554480283707
- - - 0.0006648281483755523
  - - -0.0708756855704744
  - - 3.1337124402737717
- - - 0.012318185800436615
  - - -0.06677972005712053
  - - 2.9369654556052773
- - - 0.005609012281640202
  - - -0.06300247754021111
  - - 3.0266654847581442
- - - -0.007082303452029681
  - - 0.06555499107611452
  - - -3.096324677299456
- - - -0.0024220709999375517
  - - 0.06008549455010822
  - - -2.896818380520647
- - - -0.0023031932953395604
  - - 0.07800312081608857
  - - -3.09517408603772
- - - 0.43534112296460575
  - - -0.07636615047720996
  - - 3.0664392128958027
- - - 0.03345080130838992
  - - 0.4053849390023409
  - - 3.0212224715854497
- - - 0.030312963179460677
  - - 0.5983316870926586
  - - -3.055091502520221
- - - -0.002503893025066902
  - - 0.5075154981490293
  - - -3.091332287088772
- - - -0.013685461255926167
  - - -0.47781395454524395
  - - -3.1032868122444217
- - - -0.008648148128969413
  - - -0.18861783975996635
  - - -3.1178808761659456
- - - -0.00534851483031313
  - - 0.06803803294943832
  - - -3.1137743474573067
- - - 0.00327736651361935
  - - -0.06756265555924243
  - - 3.120679910580663
- - - 0.0008969243184983563
  - - 0.06987736514469531
  - - -3.084631599032532
translation_vectors:
- - - -0.06570745134739625
  - - 0.3104258816535527
  - - 1.772628002789362
- - - 0.45300199481861786
  - - 0.15462737421496853
  - - 1.764404217858908
- - - 0.5832554600800763
  - - 0.14544603929971117
  - - 1.7638254418160957
- - - 0.3385735798485129
  - - 0.1773282101248611
  - - 1.7661700192514729
- - - 0.21820040762142154
  - - 0.2165633067436735
  - - 1.768376834875483
- - - 0.21449982902780765
  - - -0.1123932278626342
  - - 1.7562662717696513
- - - 0.2802557069407693
  - - 0.028288842063741892
  - - 1.7612518685738974
- - - 0.567403711747351
  - - 0.10339746931559488
  - - 1.7627462565744005
- - - 0.40922314803630333
  - - 0.236251644255593
  - - 1.7675148823994926
- - - 0.29280126123212835
  - - 0.2880088866145649
  - - 1.7714874619057133
- - - 0.14791864140237956
  - - 0.17357991379883794
  - - 1.5896700438111295
- - - 0.2012899767687775
  - - 0.007718237805565306
  - - 1.5917336235172725
- - - 0.19769113125409152
  - - 0.2793756376299966
  - - 1.7736916660794497
- - - 0.529185895657623
  - - 0.2716844359765306
  - - 1.7711422692846701
- - - 0.5523854109600396
  - - 0.0635155259806565
  - - 1.5726988619229474
- - - 0.5432579500806942
  - - 0.17104315451728508
  - - 1.6752736548617488
- - - 0.4136782436600644
  - - 0.15504871133853032
  - - 1.7653316548602902
- - - 0.32353673009606254
  - - 0.14199819699723598
  - - 1.7655528188636056
- - - 0.12503269171676076
  - - 0.22420880340642824
  - - 1.7688084907110297
