camera_matrix:
- - 6859.693368900172
  - 0.0
  - 1484.5535952823348
- - 0.0
  - 6843.283403627314
  - 1199.671404017304
- - 0.0
  - 0.0
  - 1.0
distortion_coefficients:
- - -0.11109168412794228
  - 1.4046741396923184
  - 0.006147408929032836
  - 9.141093719499268e-05
  - -11.805093056907241
rotation_vectors:
- - - -0.0006200716949511479
  - - -0.0668332042495201
  - - 2.996117087407041
- - - -0.008198121811312537
  - - -0.08411477191293218
  - - 3.1292845260598607
- - - 0.0041102428503246085
  - - -0.07657086326236558
  - - 2.9733578456746224
- - - 0.003615014967462858
  - - 0.08911642615000144
  - - -3.0696935307590385
- - - 0.0004372980506691465
  - - 0.08415366084621878
  - - -3.1138950470407862
- - - 0.00759314022984856
  - - -0.08505150849909633
  - - 2.9997374290721983
- - - 0.0356997106203709
  - - 0.07505024989637873
  - - -3.066663174874025
- - - 0.04075998703571405
  - - 0.06849709989808687
  - - -2.9666219387701975
- - - 0.02591953163236119
  - - 0.0727014878283478
  - - -3.135348157520534
- - - -0.6787826108170468
  - - -0.02044083486653522
  - - 2.90505132977541
- - - 0.035628908406858215
  - - 0.5874945257081531
  - - 3.001091376540381
- - - -0.02189005968683061
  - - 0.766919168173988
  - - -2.9482324373331807
- - - 0.7193897639888657
  - - 0.08062959044085802
  - - -3.0482083355500675
- - - 0.6559689156256112
  - - -0.09267464552518576
  - - 3.068245612911673
- - - -2.291465395539562e-05
  - - -0.08146895015545447
  - - 3.0730009456198935
- - - 0.00028265436442473965
  - - -0.08250494959188233
  - - 3.1138263589686006
- - - 0.004396523765163988
  - - -0.08260468701551882
  - - 3.0930143829374437
translation_vectors:
- - - 0.04668062769367598
  - - 0.026425588723447732
  - - 1.7709436695831484
- - - 0.051612844899611356
  - - 0.19475226294639172
  - - 1.7814595494671635
- - - 0.16434677444316784
  - - 0.1175969922836731
  - - 1.7768889885673684
- - - 0.1776678583157582
  - - 0.25021004675258834
  - - 1.7840596671918165
- - - 0.33188307003858414
  - - 0.21840780778655366
  - - 1.7818921272605863
- - - 0.44766157825640307
  - - 0.16923944031109142
  - - 1.7793033028496033
- - - 0.4341853601172095
  - - 0.06790286605120041
  - - 1.7747438799217483
- - - 0.22450212897977914
  - - 0.09947287885700479
  - - 1.7749403632544303
- - - 0.20860775695300446
  - - 0.12154864844950657
  - - 1.7764641185596584
- - - 0.321263515161519
  - - 0.11199534554734217
  - - 1.7592007924177862
- - - 0.3124296219739324
  - - 0.07715112581931786
  - - 1.538706663270174
- - - 0.2978057969907106
  - - 0.2217195274590597
  - - 1.699263214425861
- - - 0.44720874670343314
  - - 0.11822762546766832
  - - 1.7598889720835247
- - - 0.14717363573228037
  - - 0.15227385367113755
  - - 1.5170835730127759
- - - 0.22014990965698478
  - - 0.10153168441247301
  - - 1.7768798521286047
- - - 0.3090370804851337
  - - 0.08440647866503317
  - - 1.7761514885811134
- - - 0.4283217828174487
  - - 0.07324637242988895
  - - 1.775153008349921
