camera_matrix:
- - 1371.5605476448266
  - 0.0
  - 295.9783286952055
- - 0.0
  - 1366.8312169168842
  - 241.90510688701622
- - 0.0
  - 0.0
  - 1.0
distortion_coefficients:
- - -0.12015390889949273
  - 1.4486520909369025
  - 0.006783990381842811
  - 5.066726023755424e-05
  - -9.988787922118906
rotation_vectors:
- - - 0.005654214195300791
  - - -0.06715808045535825
  - - 2.9963047801996283
- - - -0.005893685657872499
  - - -0.08988535582927798
  - - 3.1292533286472697
- - - 0.0026730339363793005
  - - -0.08426365517632803
  - - 2.972919205348783
- - - 0.004244321724536801
  - - 0.09420858218377633
  - - -3.069378870713663
- - - 0.002604824073590626
  - - 0.08749448323056001
  - - -3.1138606058788802
- - - 0.008795634082231265
  - - -0.08275865871787809
  - - 2.999707759780401
- - - 0.0360255513302296
  - - 0.08080353077038228
  - - -3.06673750521643
- - - 0.040991844640408115
  - - 0.07698369951467063
  - - -2.9665354751598554
- - - 0.024883060265232865
  - - 0.07659937227118813
  - - -3.1352073694688833
- - - -0.6772757901988868
  - - -0.02432105404827802
  - - 2.904835624322914
- - - 0.03878353060798067
  - - 0.5845609784176198
  - - 3.0016232360482697
- - - -0.021266457989257755
  - - 0.7703204924991501
  - - -2.9473993248327144
- - - 0.7197404124980241
  - - 0.08346449984863856
  - - -3.048867714633814
- - - 0.6565653502522776
  - - -0.09668229617781236
  - - 3.0684897942699263
- - - -0.0003998843488386042
  - - -0.09063420271156758
  - - 3.072815704211723
- - - 0.0015632904834015058
  - - -0.08662639118364537
  - - 3.1136385298214737
- - - -0.0008315013074129719
  - - -0.08848028693970027
  - - 3.0925291735417986
translation_vectors:
- - - 0.04742031046443514
  - - 0.023129521729094594
  - - 1.769839134109093
- - - 0.05241276673436989
  - - 0.19156351726224963
  - - 1.7821056722153095
- - - 0.16506918833171283
  - - 0.11408272469416385
  - - 1.77815343644664
- - - 0.17836228761301068
  - - 0.24700056746616475
  - - 1.7850257211409974
- - - 0.3326184931505949
  - - 0.2151341182998782
  - - 1.782944534308047
- - - 0.4483620123361003
  - - 0.16583728281084875
  - - 1.7789996693664085
- - - 0.43488161198329367
  - - 0.06459532174453278
  - - 1.7753286022506367
- - - 0.22505178864539296
  - - 0.09607949244069079
  - - 1.7761471939305107
- - - 0.20934156263559178
  - - 0.11835404681615992
  - - 1.776624303993615
- - - 0.32195427418469263
  - - 0.10854488683805084
  - - 1.7599057982433197
- - - 0.31297426198306405
  - - 0.07416856649300675
  - - 1.538802969820222
- - - 0.2983961244423065
  - - 0.21852032238677221
  - - 1.7000245200817918
- - - 0.4478911592262944
  - - 0.11488503374125514
  - - 1.7602370612977947
- - - 0.14782038288912472
  - - 0.14955837876023445
  - - 1.517799565359357
- - - 0.2208068122079338
  - - 0.09819492515781238
  - - 1.7781252783595072
- - - 0.30976268906083637
  - - 0.08112908766571432
  - - 1.776325516574043
- - - 0.4290855953569367
  - - 0.06984223170281796
  - - 1.7765605668243218
