camera_matrix:
- - 6821.547979199576
  - 0.0
  - 1499.9902486141766
- - 0.0
  - 6816.041941370592
  - 1122.9716950670431
- - 0.0
  - 0.0
  - 1.0
distortion_coefficients:
- - -0.04750339336749751
  - -0.17460360372323375
  - 0.0033242110328579495
  - 0.0014453309777577507
  - 0.3659270052506892
rotation_vectors:
- - - 0.01265918834355665
  - - -0.034089887569317016
  - - -3.1402571523503418
- - - 0.011671463753610896
  - - -0.02403054160144407
  - - -3.1402407584344383
- - - -0.012525100991536768
  - - 0.024049526848250034
  - - 3.1287895746433874
- - - -0.0003172365792428857
  - - -0.05064228409156749
  - - -3.1351221609074695
- - - -0.008623910058181306
  - - 0.04618255252239016
  - - 3.1228366946179595
- - - -0.008911441923079851
  - - 0.02523648602028433
  - - 3.0948102532300643
- - - -0.009849191397712127
  - - 0.01793414550177325
  - - 3.1378358104296247
- - - -0.014190858497997874
  - - 0.02010622207783687
  - - 3.1263933101979133
- - - -0.01489849678755804
  - - 0.027709102267951768
  - - 3.1261443223093384
- - - -0.017009336107739376
  - - 0.0375983966030789
  - - 3.0782124523190397
- - - -0.730347930066739
  - - 0.03909105814075993
  - - 3.0308889184980896
- - - 0.7192437691995681
  - - -0.015044148173175276
  - - 2.921170374012479
- - - -0.003672590800196392
  - - 0.5330612385211135
  - - 3.0671643402430524
- - - 0.07656677709378629
  - - 0.44103025727173173
  - - -3.058777123093748
translation_vectors:
- - - 0.20050367769035543
  - - 0.1442148760592611
  - - 1.3257447157937496
- - - 0.3008846665136258
  - - 0.14179678504076754
  - - 1.3285200479965766
- - - 0.29042803761559693
  - - 0.16654177979302498
  - - 1.3277916257640487
- - - 0.16874035195057824
  - - 0.21059842979547858
  - - 1.3187113477178025
- - - 0.09954943609602251
  - - 0.08607981022961284
  - - 1.3234640716504282
- - - 0.2811404788108656
  - - 0.0729083105060465
  - - 1.3294312708772689
- - - 0.3708871662163183
  - - 0.09166335446122914
  - - 1.3314734547719882
- - - 0.35634952409122583
  - - 0.22027654145823256
  - - 1.3284338553075967
- - - 0.24664181918067712
  - - 0.2537937174644974
  - - 1.324956676582854
- - - 0.12318111050429857
  - - 0.22739953925645778
  - - 1.3224612951301848
- - - 0.3121353142993639
  - - 0.15652823748406122
  - - 1.3226177920196942
- - - 0.12407312696686365
  - - 0.1493424060453727
  - - 1.0880185821824102
- - - 0.2567499469036542
  - - 0.06370791402213798
  - - 1.2066058089457
- - - 0.26177040071381946
  - - 0.25851736237857686
  - - 1.3185149855519935
