camera_matrix:
- - 6912.598793327541
  - 0.0
  - 1601.0035434222116
- - 0.0
  - 6913.744591725004
  - 1104.749586024491
- - 0.0
  - 0.0
  - 1.0
distortion_coefficients:
- - -0.07358075890998267
  - 0.9941393635230135
  - 0.0015386960280915692
  - 0.004765357712719906
  - -12.443002907147292
rotation_vectors:
- - - -0.025678511820500974
  - - -0.010443738106986298
  - - -3.1142785542477984
- - - 0.6752361790062386
  - - 0.04214800962393047
  - - 3.045374305477339
- - - 0.039802676117577554
  - - 0.9552868574046762
  - - 2.9685904238370435
- - - -1.043810083077823
  - - 0.09848294385535147
  - - 2.8805259326353903
- - - -0.007691473439086384
  - - -0.7230744294689687
  - - 3.0326383601699156
- - - 0.48443188619718713
  - - 0.05250913890099855
  - - 3.100586017180504
- - - -0.017890685362443207
  - - -0.05851157915112362
  - - -3.1089590963873306
translation_vectors:
- - - 0.23621805060522627
  - - 0.16154710475567446
  - - 1.3273247340164924
- - - 0.10428750281059487
  - - 0.1495936783396496
  - - 1.1266157026838797
- - - 0.26059265996549347
  - - 0.04090003281608191
  - - 1.1073398205933402
- - - 0.29743934166888136
  - - 0.1318165105068436
  - - 1.3204487368079383
- - - 0.27858051110127
  - - 0.16372701493662808
  - - 1.274393741874904
- - - 0.14451519747900377
  - - 0.18038613596504122
  - - 1.1835719833673395
- - - 0.17815563056702935
  - - 0.28981847711927866
  - - 1.3256349910751088
