camera_matrix:
- - 15247.428938749126
  - 0.0
  - 1301.5878337448019
- - 0.0
  - 15291.330693820806
  - 408.7146955556265
- - 0.0
  - 0.0
  - 1.0
distortion_coefficients:
- - 0.15625597866020885
  - -7.912240735937482
  - 0.009042601598089815
  - -0.004853437310261934
  - -0.5187524282415398
rotation_vectors:
- - - -0.13121771683595235
  - - -0.003535353211483335
  - - 0.004143240457901627
- - - -0.13355924435470115
  - - 0.01017035014741369
  - - 0.031655587896588865
- - - -0.13896312006211378
  - - 0.000589844588676836
  - - -0.061410957786309936
- - - -0.13576640895310732
  - - -0.007635474392612522
  - - -0.00043007243699487874
- - - -0.1360331682460499
  - - 0.006405907643354771
  - - 0.1456098502332777
- - - -0.12812900429919546
  - - -0.006878914819376932
  - - -0.11174232539549882
- - - -0.1339311933330803
  - - 0.012703747226915103
  - - -0.021061091907317336
- - - -0.1435461973306663
  - - 0.0067814418321914096
  - - 0.02105261460138548
- - - -0.1364037755225441
  - - -0.005807904663180388
  - - -0.003654955769990999
translation_vectors:
- - - -0.30977579381702236
  - - -0.08065937446721258
  - - 2.8567545603254483
- - - -0.1465827474860326
  - - -0.099983167542703
  - - 2.863360166579181
- - - -0.1568616296953867
  - - 0.00230443992849847
  - - 2.851072220494705
- - - -0.27689432538099795
  - - 0.029424319988641843
  - - 2.844177663400185
- - - -0.2717399394139709
  - - -0.0420789279225963
  - - 2.8544123005079367
- - - -0.30066537184552444
  - - -0.08135952233857284
  - - 2.8572440267101644
- - - -0.09748371556865083
  - - -0.08872501651909893
  - - 2.8631706318010592
- - - -0.10274675065593232
  - - 0.026914516236913807
  - - 2.848741281705713
- - - -0.25398430280522283
  - - 0.02793071624509394
  - - 2.8452328140110374
