camera_matrix:
- - 15358.093363584945
  - 0.0
  - 1354.7111856039817
- - 0.0
  - 15425.628750281361
  - 725.5862732654675
- - 0.0
  - 0.0
  - 1.0
distortion_coefficients:
- - 0.22452595959742988
  - -13.141485062279303
  - 0.007576860445015965
  - 0.0025506887153646605
  - -2.818156465045195
rotation_vectors:
- - - -0.09946511941030013
  - - 0.003829262556762604
  - - -0.0025252750504456164
- - - -0.10143460467066653
  - - 0.005447507531679822
  - - 0.005317511247188409
- - - -0.10796572540897569
  - - 0.015155117548258372
  - - 0.02303613156651073
- - - -0.10523316179436737
  - - 0.017961118802186666
  - - -0.02282257541705446
- - - -0.10047849930493909
  - - 0.007770467469527788
  - - -0.002633764620065943
- - - -0.10338293055700913
  - - -0.0057029110088154126
  - - -0.02965118052712547
- - - -0.11155062304920507
  - - 0.008023107379538878
  - - 0.05650769304737551
- - - -0.10661765575433166
  - - 0.014100804358313963
  - - 0.04127964868309225
translation_vectors:
- - - -0.3306438467760282
  - - -0.20070976052167958
  - - 2.8838496606861677
- - - -0.29554417175498376
  - - -0.05331701249985222
  - - 2.8710016736648174
- - - -0.148115082627326
  - - -0.03773141826568974
  - - 2.872111860107372
- - - -0.13509901073762232
  - - -0.15354477213342468
  - - 2.882738698639282
- - - -0.30993380448964075
  - - -0.17927622803805468
  - - 2.882354233950115
- - - -0.35750718500979395
  - - -0.00043937830525779374
  - - 2.865108008056653
- - - -0.13661588478120207
  - - 0.0021972950524951637
  - - 2.8691529632496704
- - - -0.1138588804920926
  - - -0.1248317706643
  - - 2.881153923874267
