camera_matrix:
- - 1781.2238324619234
  - 0.0
  - 1455.0581930998237
- - 0.0
  - 1766.0045249667612
  - 964.8659082797328
- - 0.0
  - 0.0
  - 1.0
distortion_coefficients:
- - -0.004833237362982664
  - 0.006346245746427071
  - -0.00026741095169465547
  - 0.0006287604488215078
  - -0.0046537072480036055
rotation_vectors:
- - - -0.05040520844838614
  - - -1.2358208165874154
  - - 0.030484775496963126
- - - -0.03371768022759033
  - - -0.006652783569283129
  - - -0.024513497298897416
- - - -0.026168789159401646
  - - -0.00817995512051615
  - - -0.06479210048643036
- - - -0.027134408420150302
  - - -0.008049524442789564
  - - 0.030542349621092264
- - - -0.023679923520218436
  - - -0.009043831907692052
  - - -0.029766396122177925
- - - -0.026156863385157134
  - - -0.006623275864334781
  - - -0.015398099564578655
- - - -0.028579745160424146
  - - -0.00467472329265467
  - - 0.07462278490917118
- - - -0.02893309494325165
  - - -0.0048309196838646025
  - - 0.061945039545536464
- - - -0.029594930082923375
  - - -0.0085000000880271
  - - 0.056888971288393014
translation_vectors:
- - - -0.42316914190666166
  - - -0.15670432025758751
  - - -0.05274721780848614
- - - -0.5355181075136903
  - - -0.0898362232876302
  - - 0.3720103571738894
- - - -0.24560915390487612
  - - -0.12365461656689297
  - - 0.37104071181760756
- - - -0.19743487287999426
  - - -0.23811521647618217
  - - 0.37439333965756577
- - - -0.1939446181536912
  - - -0.07148473837001469
  - - 0.3678236034861635
- - - -0.2775973467046401
  - - -0.11497662236704331
  - - 0.3707854464745381
- - - -0.28024565921084726
  - - -0.24834739262232974
  - - 0.37595697941179845
- - - -0.394017534510951
  - - -0.15351231082927363
  - - 0.37252014009805073
- - - -0.15883215857251837
  - - -0.10507499579577136
  - - 0.37115684268069615
