camera_matrix:
- - 6925.872492447479
  - 0.0
  - 1594.7371566170211
- - 0.0
  - 6927.724834820094
  - 1107.3235567148047
- - 0.0
  - 0.0
  - 1.0
distortion_coefficients:
- - -0.06299745626758235
  - 0.5806752027413711
  - 0.0015809831955753827
  - 0.005547566805892154
  - -5.246420116734865
rotation_vectors:
- - - 0.4862228062712935
  - - 0.018759433986993694
  - - 3.1006655933423812
- - - -0.6724248345299305
  - - 0.06928593021962458
  - - 2.970158408059542
- - - -0.09288919397590237
  - - -0.7949087778322464
  - - 3.005546125313084
- - - 0.04512564572453402
  - - 0.43413955146670385
  - - -2.880823236874033
- - - -0.41636664372421067
  - - 0.1858050432405481
  - - 2.913598740439684
- - - -0.30031303041083096
  - - -0.6372483984161281
  - - 2.9789740492905086
- - - -0.06960715475434122
  - - 0.014380909003070683
  - - 3.102127790438039
translation_vectors:
- - - 0.14580621185500142
  - - 0.12706418723376375
  - - 1.1727660124064194
- - - 0.29240836354794647
  - - 0.18217709677976476
  - - 1.3439899882077946
- - - 0.27172878797591576
  - - 0.16070994088196627
  - - 1.2901153354501256
- - - 0.11850699641968174
  - - 0.27386688607060833
  - - 1.3139420489331954
- - - 0.4213251566974068
  - - 0.07434662481451523
  - - 1.2590586060597744
- - - 0.3967867093443442
  - - 0.17165047048522863
  - - 1.2914358387950085
- - - 0.27995934862137556
  - - 0.21127233255100258
  - - 1.3513848194081675
