camera_matrix:
- - 10456.30878183064
  - 0.0
  - 1052.2387988090975
- - 0.0
  - 10337.40964638534
  - -473.75946228986834
- - 0.0
  - 0.0
  - 1.0
distortion_coefficients:
- - -0.07259623320518427
  - -0.23715119849535665
  - 0.005680550946238278
  - 0.004337388731989549
  - -1.993396082012062
rotation_vectors:
- - - 0.09559585381081874
  - - -0.13249432497304356
  - - -3.1084774184635062
- - - -0.10840722044376844
  - - 0.1222151708415769
  - - 2.9313062462891293
- - - 0.03521939938028463
  - - -0.11833878495810979
  - - -2.5439181937132274
- - - 0.012259247752086167
  - - -0.13099302562930676
  - - -2.3412860127878505
- - - -0.11408024196565927
  - - 0.08913727474113466
  - - 2.566210337390715
- - - -0.1154950114310787
  - - 0.042980552970245146
  - - 1.7746533269933036
translation_vectors:
- - - 0.17235047868167794
  - - 0.46420228898913835
  - - 2.0996161520656518
- - - 0.2052146021660047
  - - 0.46394761357763814
  - - 2.1017376215485615
- - - 0.19427221712409815
  - - 0.6974953848713165
  - - 2.0804997826690967
- - - 0.29127905751388844
  - - 0.6750175798944308
  - - 2.0847459086412874
- - - 0.45725414855811713
  - - 0.3921308692326739
  - - 2.120729615626087
- - - 0.3845650678655382
  - - 0.14274628575801093
  - - 2.138799879131815
