camera_matrix:
- - 10704.757148100345
  - 0.0
  - 1225.2301210665314
- - 0.0
  - 10723.141621302797
  - 661.7924187382023
- - 0.0
  - 0.0
  - 1.0
distortion_coefficients:
- - -0.2622336184069182
  - 2.849104321059825
  - -0.0025538500021932368
  - 0.00037385533298503774
  - -14.151957857523698
rotation_vectors:
- - - -0.08317532600388265
  - - -0.16188589331099412
  - - -3.1209468165511765
- - - 0.06591222107857589
  - - 0.16804906258154492
  - - 2.889943753565336
- - - -0.09542648516902208
  - - -0.12430320780261822
  - - -2.8221914832740667
- - - 0.0353469820841341
  - - 0.15903894051494616
  - - 2.6168787268430846
- - - -0.08421121506238134
  - - -0.15289929324605026
  - - -3.0486221661383066
translation_vectors:
- - - 0.29571356328664244
  - - 0.3466999848526003
  - - 2.1162996181410345
- - - 0.46514603919811454
  - - 0.23761561666478556
  - - 2.1131153222723813
- - - 0.25229256705109254
  - - 0.4657886667262912
  - - 2.107853766466817
- - - 0.49290924811948855
  - - 0.17295644188868925
  - - 2.120465493701539
- - - 0.18754233876895424
  - - 0.27267696215782217
  - - 2.1309755283592846
